"study","group","trial","condition","RR_HR","DET_HR","maxL_HR","L_HR","ENTR_HR","LAM_HR","TT_HR","RR_Resp","DET_Resp","maxL_Resp","L_Resp","ENTR_Resp","LAM_Resp","TT_Resp"
"Study1","G1","T3","SelfPaced",0.0011032652606409,NA,0,0,NA,0,0,0.0025742856081621,NA,0,0,NA,0,0
"Study1","G2","T3","SelfPaced",0.00162483738771397,NA,0,0,NA,0,0,0.00283832353803199,NA,0,0,NA,0,0
"Study1","G3","T1","SelfPaced",0.001220703125,NA,0,0,NA,0,0,0.04345703125,NA,0,0,NA,0,0
"Study1","G3","T2","TurnTaking",0.00405843807252966,NA,0,0,NA,0,0,0.000773035823338982,NA,0,0,NA,0,0
"Study1","G3","T3","Synchronous",0.0042614410699427,NA,0,0,NA,0,0,0.00437212785098017,NA,0,0,NA,0,0
"Study1","G4","T1","Synchronous",0.00248297309263328,NA,0,0,NA,0,0,0.0019025378242255,NA,0,0,NA,0,0
"Study1","G4","T2","SelfPaced",0.00886114537046089,NA,0,0,NA,0,0,0.00154106876008015,NA,0,0,NA,0,0
"Study1","G4","T3","TurnTaking",0.00338924528921383,NA,0,0,NA,0,0,0.000741397407015526,NA,0,0,NA,0,0
"Study2","G10","T1","Conversation",0.000608907710902797,NA,0,0,NA,0,0,0.00162972357918102,NA,0,0,NA,0,0
"Study2","G10","T2","TurnTaking",0.00112827017020224,NA,0,0,NA,0,0,0.00173717788110504,NA,0,0,NA,0,0
"Study2","G10","T3","Synchronous",0.0010924520695609,NA,0,0,NA,0,0,0.00582044135421791,NA,0,0,NA,0,0
"Study2","G5","T1","Synchronous",0.144973762345828,0.0247066090179123,2,2,0,0.172946263125386,2,0.0195745920004929,NA,0,0,NA,0,0
"Study2","G5","T2","TurnTaking",0.0907451579748374,NA,0,0,NA,0,0,0.00130736067340895,NA,0,0,NA,0,0
"Study2","G5","T3","Conversation",0.00929479711642799,NA,0,0,NA,0,0,0.0017013597804637,NA,0,0,NA,0,0
"Study2","G6","T1","TurnTaking",0.00112827017020224,NA,0,0,NA,0,0,0.00155808737789833,NA,0,0,NA,0,0
"Study2","G6","T2","Conversation",0.00351017386285142,NA,0,0,NA,0,0,0.00836352649975312,NA,0,0,NA,0,0
"Study2","G6","T3","Synchronous",0.00392208202022684,NA,0,0,NA,0,0,0.000931270616674866,NA,0,0,NA,0,0
"Study2","G7","T1","Conversation",0.00152226927725699,NA,0,0,NA,0,0,0.01575996428219,NA,0,0,NA,0,0
"Study2","G7","T2","Synchronous",0.00431608112728159,NA,0,0,NA,0,0,0.00205954078687711,NA,0,0,NA,0,0
"Study2","G7","T3","TurnTaking",5.37271509620115e-05,NA,0,0,NA,0,0,5.37271509620115e-05,NA,0,0,NA,0,0
"Study2","G8","T1","TurnTaking",0.015545055678342,NA,0,0,NA,0,0,0.000967088717316207,NA,0,0,NA,0,0
"Study2","G8","T2","Synchronous",0.0241951269832258,NA,0,0,NA,0,0,0.00334899240996538,NA,0,0,NA,0,0
"Study2","G8","T3","Conversation",0.00451308068080897,NA,0,0,NA,0,0,0.0029729023532313,NA,0,0,NA,0,0
"Study2","G9","T1","Synchronous",0.00175508693142571,NA,0,0,NA,0,0,0.0052831698445978,NA,0,0,NA,0,0
"Study2","G9","T2","Conversation",0.00103872491859889,NA,0,0,NA,0,0,0.00171926883078437,NA,0,0,NA,0,0
"Study2","G9","T3","TurnTaking",0.0013969059250123,NA,0,0,NA,0,0,0.0010924520695609,NA,0,0,NA,0,0
